# on-network site COMIDs, written by derive.sites -- input to acquire.nwm
659674
880618
1104206
1825236
1825520
1841415
2028753
2032979
2087849
2118562
2119516
2119804
2165301
2252949
2279137
2349256
2355278
2386438
2423627
2441130
2442556
2453120
2462135
2463105
2465119
2465255
2588507
2590277
2748822
2749200
3607116
3640992
3644452
3723377
3727673
3730389
3808755
3922369
4047140
4047160
4142312
4198044
4391379
4495952
4508928
4508968
4509040
4509202
4512772
4648694
4709174
4709486
4709876
4720655
4721493
4721533
4721831
4722109
4722265
4726071
4726191
4727413
4731587
4765418
4779075
4784831
4973323
4995471
4998271
4999977
5000629
5000697
5092598
5138325
5217587
5878685
5965096
5966418
5967984
5969716
6010004
6013072
6251122
6561217
6572042
6572062
6572136
6572160
6572754
6581018
6595222
6595864
6597304
6597652
6597718
6597748
6599836
6603048
6603170
6603228
6603368
6603732
6603910
6605922
6606266
6607090
6608106
6609088
6609844
6610140
6610166
6610484
6621006
6621036
6621656
6801806
6860312
6949292
6950888
6966863
6978978
6980594
6982082
6993777
7002456
7004728
7006146
7014389
7014505
7015259
7016067
7016239
7016345
7016505
7017505
7222688
7222694
7240575
7242913
7609749
7699970
8140394
8391580
8441089
8441253
8441291
8441303
8448888
8476948
8494082
8501490
8502578
8506380
8506428
8575903
8608039
9033255
9034417
9343395
9376712
9407484
9453743
9745124
9842204
10080314
10080962
10082018
10209503
10265390
10337790
10339414
10359766
10382125
10437178
10437194
10595878
10595950
10597374
10608846
10850144
10850162
10969489
11468844
11617281
11759320
11907762
11915285
11915305
11915379
11915455
11915457
11915507
11915593
11915787
11916051
11916213
11916259
11916299
11916315
11918423
11919685
11919825
12669690
12699860
13183066
13210312
13211090
13211298
13211348
13308839
13311203
13311309
13311697
13312489
13313181
13336508
13336562
13337100
13337282
13337650
13358696
13358770
13374239
13375515
13375519
13375649
13376219
13433691
13434643
13438397
13439285
13454468
13463913
13551289
13551311
13551313
13564608
13564800
13565216
13597567
13606726
13619421
13786642
13893022
14620086
14620352
14621108
14622550
14625774
14626246
14769576
14779396
14780226
14787569
14794879
14796117
14796931
14804295
14806031
14809371
14835407
14836239
14839325
15182073
15668481
15669979
17208706
17227027
17235870
17240094
17246982
17415610
17415860
17416032
17539323
17557695
17938240
17948666
17956869
18391756
18391826
18394236
18471310
18476381
18476775
19088319
19104913
19129083
19164465
19166273
19166807
19167379
19180610
19207897
19210329
19268286
19453867
19730510
21176300
21177172
22248727
22248777
22248781
22248885
22248905
22248913
22248959
22249135
22254681
22338431
22340331
22473833
22474813
22475257
22475313
22475537
22476263
22476399
22476413
22476437
22477405
22477673
22477695
22477837
22865239
24750511
167203697
904030532
935080001
935090016
937020644
940230078
