# snapped COMIDs of record-bearing sensors, written by derive.assemble -- input to acquire.nwm
12718
12932
13288
13302
13318
13584
188073
188107
188199
188209
188283
188633
188637
188691
189361
189855
189861
189869
190357
190363
190643
190819
190871
190873
191739
191765
191785
192089
194423
225621
225719
228553
229563
229677
229709
229717
229747
230137
230619
230645
231167
233727
239166
240642
240680
250386
250400
250456
251506
254068
254998
255270
255558
272589
367965
367999
368019
369211
371283
381670
381836
388792
388800
389904
389908
390116
390946
391180
391658
391684
391812
391840
393414
397364
397506
397590
397706
397814
398128
398302
398350
398430
398442
398478
398558
398638
398846
399452
399500
399514
399600
400380
400496
400822
401366
402482
414203
414275
415461
415475
415543
417955
417985
418429
429948
429982
429994
430010
430036
430412
430522
430546
430554
430636
434540
435154
435866
436048
436368
436468
437262
454154
454926
456124
456134
456580
465436
465482
465516
467082
481940
482410
484578
486782
487130
487134
487460
494344
494794
496568
503758
504810
512987
532681
536835
559997
560477
561081
561547
562391
575712
575970
576014
588170
591268
592734
616744
618952
630159
632727
659674
673442
674726
678895
679877
682279
682419
682561
683399
683417
683457
683473
685791
686037
686141
687397
697670
697684
697774
698656
698658
698676
698694
698808
700694
707416
707434
731205
731519
732863
734075
734307
745717
748073
758846
771110
833464
833486
842058
846330
847292
847304
847326
847340
847450
847886
847956
866818
867878
867996
868040
868074
868118
868626
879668
880034
880056
880196
880480
880618
886365
886643
886673
886677
887151
908809
909015
916493
916505
916565
916609
916703
916807
916811
916821
917441
917623
917757
917909
918241
918443
918597
920981
933650
934978
935000
935058
937330
937408
938722
938894
938902
939500
947431
947577
948497
948501
949105
949993
950343
950357
950371
950417
950441
950443
950997
951131
951237
952325
952589
975692
976164
976180
981799
992915
1009020
1009042
1017865
1017893
1018031
1042491
1042497
1086659
1087021
1087623
1087671
1087803
1087887
1089041
1099800
1099920
1100034
1100388
1100446
1100520
1100622
1101462
1103852
1103864
1104060
1104140
1104206
1104306
1121321
1122795
1128207
1128277
1128575
1129421
1129593
1136060
1136258
1136266
1136354
1136358
1136362
1136376
1423102
1528161
1528197
1528233
1528405
1529459
1529515
1529521
1529539
1529541
1529569
1529573
1529605
1529633
1529669
1529677
1529683
1529691
1529693
1529719
1529721
1529743
1529755
1529787
1529805
1529807
1529907
1529975
1530027
1530177
1530241
1530257
1530293
1530531
1530849
1531145
1531159
1531233
1531239
1531241
1531419
1531473
1531919
1532253
1539341
1539671
1540035
1543333
1543445
1543497
1543603
1594283
1595583
1595629
1596083
1596199
1596515
1601213
1748535
1748567
1748569
1748583
1748589
1748611
1748719
1748723
1748727
1748759
1749281
1750471
1750585
1752137
1752159
1777290
1777616
1797149
1797157
1797707
1797783
1797969
1798025
1798745
1798839
1799897
1812927
1813213
1813331
1814463
1814823
1814983
1815055
1815815
1815879
1823336
1824422
1825124
1825236
1825272
1825324
1825330
1825338
1825414
1825460
1825492
1825494
1825502
1825520
1825540
1825580
1825620
1826834
1826988
1827174
1827178
1827194
1827564
1827572
1827630
1827692
1827748
1827768
1827778
1827828
1839147
1839435
1839453
1839551
1839793
1839881
1840025
1840191
1841415
1850373
1850697
1861954
1863920
1864264
1874461
1874965
1875049
1875069
1875091
1875139
1877059
1878177
1918036
1918078
1918988
1919306
1919636
1920776
1921286
1922150
1922518
1922540
1936654
1936666
2028753
2028839
2032519
2032775
2032979
2056736
2057678
2057704
2057900
2081162
2086989
2087785
2087849
2088097
2088213
2088233
2088377
2090895
2091469
2091737
2091809
2091813
2091855
2091875
2091889
2093851
2118562
2119516
2119804
2165301
2252949
2254113
2255421
2263699
2267891
2268759
2275923
2277053
2277309
2277543
2279137
2279311
2328561
2333601
2335247
2335475
2349256
2355278
2361704
2367064
2367166
2386438
2387166
2387412
2423627
2423631
2441130
2441678
2442556
2443734
2453120
2454010
2454098
2454518
2456124
2462135
2463033
2463105
2463163
2464389
2465119
2465255
2501563
2501637
2507299
2529443
2529595
2530269
2530551
2583309
2586345
2586411
2586461
2586465
2586479
2586503
2586523
2586685
2586769
2586771
2586785
2586799
2586809
2586925
2587723
2588003
2588047
2588055
2588057
2588059
2588065
2588067
2588225
2588233
2588239
2588243
2588245
2588261
2588381
2588479
2588507
2589541
2589757
2590117
2590137
2590201
2590249
2590277
2591219
2591267
2593515
2598631
2598765
2600169
2600273
2600965
2601199
2602029
2602457
2603023
2603031
2604943
2604959
2604993
2612794
2612822
2612842
2612920
2612942
2613340
2613490
2613498
2613578
2613840
2614018
2614120
2614210
2614238
2615318
2617174
2617248
2617252
2617286
2617324
2617456
2629946
2639244
2644408
2648888
2648894
2648910
2648916
2648922
2648968
2648982
2649086
2649102
2649240
2649362
2649706
2651556
2651708
2651896
2721605
2722593
2722601
2722643
2722671
2723039
2723115
2723123
2723135
2723179
2723239
2723295
2723297
2732528
2732604
2733550
2733736
2739446
2739748
2739766
2739772
2739776
2743148
2743172
2743198
2747406
2747410
2748822
2749200
2875511
2884976
2885002
2885140
2885144
2885178
2885240
2885242
2885314
2885330
2885542
2885552
2885578
2886824
2888828
2888870
2888948
2888998
2889176
2889178
2889214
2889346
2891586
2898115
2898187
2900003
2900061
2900123
2900149
2900581
2903225
2903261
2919773
2923889
2925495
2926561
2962790
2964434
2965566
2965578
2965742
2984150
2985390
2986242
2992636
2992884
2993494
2996508
2997076
3012079
3012243
3014573
3018600
3021550
3021776
3021998
3024246
3024846
3029658
3029798
3029856
3029936
3030022
3030030
3032102
3053538
3054074
3056266
3056360
3057956
3059646
3059764
3060564
3060622
3061602
3061736
3096801
3097061
3102237
3132401
3133951
3134031
3134443
3134531
3134651
3141592
3142490
3246094
3246106
3246136
3246450
3246526
3246744
3246998
3247040
3247250
3247432
3247438
3247452
3247458
3247464
3247466
3247480
3247486
3247492
3247552
3247556
3247558
3247570
3247574
3247582
3249000
3366792
3367446
3368258
3369272
3370272
3396544
3396774
3396822
3396844
3397116
3397130
3398128
3398134
3398148
3398162
3398182
3398304
3398494
3398496
3398508
3398564
3398580
3398592
3398598
3398626
3399756
3404879
3404891
3404925
3404931
3405017
3405063
3405071
3405153
3405159
3405231
3405391
3405393
3405451
3405581
3405683
3406043
3407011
3407421
3407555
3467355
3468549
3468553
3470509
3470515
3470695
3470711
3471105
3472773
3472799
3473077
3473093
3473117
3473151
3473207
3473341
3473353
3473475
3473585
3483129
3483935
3484061
3484155
3486865
3486931
3488041
3536017
3536087
3539121
3539305
3541375
3561878
3573840
3575414
3576294
3576630
3577456
3577500
3577682
3595964
3598326
3598362
3601224
3607116
3623245
3623981
3624041
3624073
3624097
3624105
3624227
3624261
3624293
3624295
3624313
3624315
3624329
3624349
3624355
3624401
3624451
3624471
3624541
3624735
3626651
3627971
3640992
3642310
3643688
3644256
3644452
3644456
3645066
3645554
3646124
3646432
3646798
3646844
3665570
3665624
3666344
3671078
3672682
3674442
3678878
3701190
3701200
3701978
3702270
3702488
3702540
3715602
3716188
3716762
3716944
3717136
3717522
3722745
3723311
3723325
3723377
3727629
3727673
3727859
3728285
3728525
3729049
3729521
3730031
3730091
3730107
3730115
3730389
3732321
3733307
3737637
3737691
3745908
3746094
3746182
3748876
3750770
3760170
3760196
3760332
3761614
3761618
3761632
3761658
3761686
3768536
3768820
3768822
3768870
3769770
3769776
3769806
3773681
3773975
3774657
3775187
3775587
3775599
3775649
3775723
3776001
3776515
3777101
3777215
3785089
3785589
3785779
3785833
3785857
3785861
3785893
3785895
3785965
3785971
3786065
3786067
3786893
3787171
3787957
3788105
3788829
3789647
3806147
3806299
3807445
3808365
3808377
3808497
3808623
3808745
3808755
3808811
3808829
3808859
3808879
3808977
3809023
3809037
3809041
3809125
3809127
3809449
3809533
3809813
3818833
3819583
3820543
3820579
3820873
3820883
3821063
3821065
3821215
3821269
3822477
3822659
3822821
3823061
3823985
3824077
3852239
3852267
3853413
3853901
3855315
3855837
3882066
3882442
3882696
3883632
3883698
3883720
3883750
3883754
3883848
3883918
3885310
3885878
3885998
3921201
3922037
3922369
3923217
3925073
3925159
3930910
3931398
3932144
3933946
3935066
3935574
3935804
3936190
3964442
3964810
3964848
3981038
3981100
3981308
3981712
3982120
3982830
3983110
3983862
3984094
3984508
3984712
3984740
3985374
3985518
3985522
3986312
3986322
3986374
3986396
3986430
3990680
3997978
3998496
3999576
4000518
4001162
4002008
4002980
4003006
4003242
4004164
4005074
4005122
4005288
4020207
4024077
4024569
4024827
4033060
4034276
4035388
4036902
4036998
4047140
4047160
4061322
4061394
4062306
4064058
4073636
4084418
4084464
4085656
4104611
4113256
4120654
4122594
4122838
4123074
4123638
4123724
4136750
4138204
4140676
4140818
4142312
4142704
4142852
4142894
4146586
4147394
4147396
4147410
4147432
4147566
4147592
4147634
4147694
4147946
4147950
4147956
4148008
4149968
4150156
4150228
4150256
4150904
4151216
4151294
4151302
4151394
4151438
4151524
4151628
4153154
4153166
4153168
4154458
4154488
4169038
4172734
4185679
4185779
4185837
4186403
4187341
4187713
4187763
4187789
4187845
4187863
4187925
4187957
4188007
4188011
4188015
4188017
4188159
4188205
4188251
4188281
4188295
4196160
4197356
4197880
4198044
4198190
4199144
4199356
4199592
4213042
4215022
4215456
4216412
4223684
4224646
4224658
4226632
4228060
4228286
4230180
4230526
4231142
4231932
4251120
4252572
4252894
4261972
4263450
4264796
4265440
4265860
4268026
4300845
4300911
4300941
4300953
4300965
4315462
4316948
4319088
4320140
4331165
4342992
4350794
4351512
4352028
4352064
4352070
4352082
4352134
4352178
4353002
4353810
4354466
4365188
4365602
4366016
4366570
4367236
4369760
4386275
4386317
4388401
4389645
4390597
4390605
4390711
4390805
4390865
4390909
4390979
4391187
4391199
4391379
4391397
4391417
4392705
4392783
4392793
4392849
4392905
4392929
4392935
4392993
4393139
4393225
4393325
4393405
4416564
4416776
4425861
4428823
4428827
4461060
4461478
4462574
4480911
4481599
4481607
4481663
4481763
4482695
4482733
4482885
4482903
4482999
4483013
4483015
4488242
4488286
4488292
4488964
4489008
4489096
4489158
4489162
4489170
4489178
4489180
4489200
4490486
4490516
4490526
4490530
4490532
4490536
4490604
4490660
4490670
4490854
4490858
4490878
4490948
4491116
4491212
4491268
4491286
4491290
4491354
4491372
4491472
4491878
4491888
4491890
4491898
4491914
4491924
4491946
4491972
4491984
4492020
4492040
4492042
4492122
4492158
4494460
4494690
4495272
4495656
4495672
4495680
4495682
4495692
4495704
4495784
4495818
4495846
4495864
4495952
4496040
4496368
4496468
4499256
4499296
4499314
4499344
4505256
4505366
4505510
4505612
4505702
4505772
4505866
4505894
4505912
4506028
4506216
4506374
4506604
4506736
4506770
4507200
4507210
4507266
4507352
4508450
4508904
4508928
4508968
4509040
4509120
4509202
4512772
4518306
4518742
4518748
4520418
4529099
4529107
4529217
4529237
4529295
4530567
4530917
4531857
4533657
4547166
4547406
4547418
4547810
4547840
4547996
4548132
4548546
4552332
4552334
4552336
4570659
4570675
4572307
4572347
4572379
4573927
4573939
4574679
4574807
4581930
4582480
4582730
4583044
4592169
4593015
4593223
4594581
4594599
4594661
4635347
4636879
4637509
4638489
4639081
4648506
4648544
4648568
4648614
4648686
4648694
4650548
4650580
4650698
4650944
4651038
4651042
4651064
4651090
4651230
4651254
4651346
4651360
4651374
4651504
4651854
4651906
4651912
4651930
4651938
4651944
4651956
4652046
4652144
4652176
4652258
4653270
4653400
4653422
4653600
4653694
4655440
4655442
4672391
4672573
4672909
4673267
4674911
4674941
4682638
4683072
4683152
4684242
4684346
4688455
4689741
4690113
4690429
4697437
4697481
4697593
4699337
4699877
4699925
4700071
4707802
4708462
4708726
4708728
4709060
4709174
4709222
4709260
4709484
4709486
4709544
4709644
4709768
4709872
4709876
4710000
4710396
4710668
4711188
4711318
4711768
4712048
4720655
4721493
4721533
4721721
4721831
4721931
4722109
4722137
4722225
4722265
4724385
4724553
4724617
4724801
4726065
4726071
4726129
4726191
4726273
4726301
4726307
4726463
4726493
4726595
4727061
4727413
4731587
4737251
4737523
4738065
4739097
4741239
4741683
4741709
4741771
4741899
4742043
4742049
4742117
4742125
4742165
4742183
4742269
4745955
4752350
4752366
4752884
4752924
4753658
4753772
4754050
4754886
4754914
4754924
4762986
4763116
4765354
4765418
4766680
4766828
4768920
4778811
4778833
4779053
4779075
4779167
4779457
4779513
4779607
4779851
4779853
4780611
4780685
4780723
4780787
4780921
4781261
4781759
4781877
4782017
4782107
4782153
4782163
4782187
4782313
4782441
4782471
4782491
4782627
4783101
4783213
4784831
4784835
4823639
4836620
4836792
4839128
4841888
4852647
4853487
4858779
4867221
4867475
4867791
4868933
4943103
4943159
4945987
4946023
4947379
4963711
4966267
4967001
4967029
4967153
4967195
4973323
4973491
4980096
4989089
4989635
4994047
4994971
4995175
4995213
4995345
4995471
4995479
4995875
4998271
4999977
5000629
5000697
5002731
5017044
5017066
5029391
5039176
5039952
5040010
5041944
5050297
5050313
5050347
5050353
5050395
5050437
5050481
5050543
5050581
5050679
5051035
5052681
5053369
5055431
5059231
5059289
5076724
5078694
5088824
5089904
5092598
5092616
5105824
5106004
5106070
5106782
5107534
5121718
5122370
5123830
5124308
5124970
5138325
5140789
5156625
5158001
5159279
5162189
5162299
5166543
5166609
5166993
5210781
5210827
5211705
5212083
5212897
5213097
5213149
5213261
5214379
5215055
5215353
5215423
5215443
5215647
5215753
5216439
5217005
5217097
5217115
5217587
5217611
5217691
5217811
5218143
5218149
5218153
5218167
5218199
5218213
5231404
5231986
5232256
5232686
5233206
5233256
5239426
5334435
5334729
5334799
5335435
5336451
5336835
5336851
5336939
5336987
5337699
5337993
5338107
5348813
5351095
5351469
5372107
5377442
5378020
5379554
5380044
5380868
5387929
5412997
5438910
5450580
5453388
5454018
5454116
5454530
5454566
5457562
5457710
5457842
5457948
5458116
5458394
5460336
5478981
5478985
5479125
5479389
5479727
5481043
5481765
5481927
5481961
5482173
5482185
5640210
5640404
5640944
5641174
5799184
5802188
5802280
5802762
5813881
5814707
5816209
5816473
5844210
5844484
5844728
5844802
5845058
5845142
5845268
5845376
5845396
5848186
5848650
5849334
5849430
5850736
5850752
5860401
5860515
5860613
5861125
5862283
5862579
5862581
5862629
5863429
5863459
5863761
5863773
5866375
5866387
5866399
5866419
5866423
5866443
5866457
5866465
5866519
5866555
5866821
5867391
5867393
5867409
5867435
5867443
5867457
5867473
5867537
5867561
5867575
5867641
5867675
5867679
5867683
5867697
5867717
5867733
5867775
5868225
5868233
5876155
5878685
5878721
5878727
5878731
5878875
5878903
5878909
5878911
5879209
5879521
5879557
5879589
5881749
5891210
5891232
5891846
5892356
5892862
5892920
5893170
5893280
5893338
5894272
5894280
5894384
5894482
5894726
5894792
5895480
5895822
5895892
5895964
5896068
5907049
5907079
5907167
5908085
5908355
5908375
5908485
5908521
5908723
5908733
5909017
5909157
5909165
5909709
5909719
5914509
5915205
5915359
5923734
5924798
5924924
5926514
5927182
5944461
5953953
5955735
5965096
5966260
5966418
5966530
5967976
5967984
5969054
5969682
5969716
5984765
5985667
5987239
5987453
5987533
5995392
6009092
6009148
6009232
6009374
6009476
6009534
6009568
6009712
6010004
6010012
6010106
6010272
6013072
6013168
6024782
6025622
6026262
6026308
6026378
6027600
6030332
6041516
6041518
6047872
6048082
6048196
6049306
6067208
6067246
6068668
6068804
6069056
6075395
6075425
6075713
6076039
6078037
6078267
6078329
6078383
6083547
6084505
6089027
6089035
6090009
6096297
6097249
6097255
6097489
6105951
6107147
6109247
6109457
6109479
6109643
6109717
6111419
6111421
6115740
6115840
6116164
6116268
6116272
6116334
6116708
6117290
6118862
6118876
6119204
6123739
6126439
6126641
6128049
6128297
6128415
6128489
6128495
6128513
6128559
6128585
6128591
6128635
6128655
6128659
6128661
6128729
6128743
6128763
6128769
6128793
6128797
6128827
6128907
6128987
6129191
6129219
6129235
6129267
6129327
6129519
6129565
6129613
6129655
6129677
6129689
6129703
6130133
6130319
6130457
6130627
6130813
6131349
6139996
6140122
6140308
6140826
6140842
6140952
6141056
6141076
6141084
6141210
6141214
6141268
6144817
6144819
6144829
6144833
6146949
6147587
6147605
6148379
6148415
6148469
6148535
6149075
6149463
6162555
6162579
6162583
6162939
6162965
6162981
6163159
6163185
6163249
6168318
6168776
6168936
6168954
6168988
6169000
6170276
6170302
6170310
6170342
6170352
6170754
6170870
6174422
6174472
6177036
6177058
6177114
6177416
6177558
6177600
6177840
6177948
6178542
6181262
6181300
6181306
6186102
6186112
6186156
6186206
6186216
6188686
6188948
6189040
6189208
6189622
6189630
6189632
6189634
6189644
6189648
6189650
6189666
6189668
6189746
6189748
6189750
6189752
6189754
6191718
6191738
6193936
6199754
6199814
6200212
6200384
6200432
6202798
6203090
6203098
6203538
6206824
6206826
6212050
6212690
6212734
6216172
6226948
6226964
6227008
6227046
6227048
6227134
6227150
6227208
6227290
6227362
6227370
6227386
6227578
6227656
6227664
6227778
6227896
6228280
6228304
6229256
6232982
6232984
6241405
6241977
6244334
6245212
6245458
6245480
6245602
6245850
6245876
6245972
6246012
6246066
6246084
6246098
6246312
6246322
6246328
6246332
6246352
6246362
6246368
6248392
6249402
6249408
6249470
6249510
6249560
6249582
6249604
6249688
6249860
6249904
6249966
6249972
6249998
6250096
6250612
6250614
6250616
6250646
6250650
6250652
6250666
6250676
6250690
6250748
6250768
6250812
6250836
6250860
6251098
6251122
6261360
6261526
6261532
6261548
6261576
6261862
6261948
6261966
6262800
6262926
6262928
6263222
6263462
6264182
6264184
6269146
6559411
6561217
6566217
6566309
6566539
6570284
6570914
6570940
6572002
6572042
6572062
6572136
6572160
6572754
6580244
6581018
6581246
6581312
6586985
6587219
6588095
6588281
6591302
6591838
6594388
6594454
6595152
6595222
6595864
6595970
6597304
6597652
6597718
6597748
6597762
6599836
6603048
6603052
6603170
6603228
6603368
6603732
6603910
6605922
6606266
6607090
6608106
6608186
6609088
6609092
6609844
6610140
6610162
6610166
6610248
6610484
6618116
6619774
6620502
6621006
6621036
6621598
6621656
6636048
6647164
6657851
6658059
6658313
6667867
6667869
6667885
6667905
6667943
6667961
6668125
6668291
6668335
6668523
6672216
6672220
6672312
6675628
6675856
6676032
6676176
6676178
6676240
6676348
6676352
6676354
6676360
6676364
6689073
6689413
6739752
6740244
6740276
6740300
6740400
6741094
6741162
6741448
6741500
6741776
6742014
6742662
6742834
6742840
6742842
6742848
6742876
6744326
6744330
6744642
6744772
6744972
6745410
6745564
6745688
6745900
6745920
6746076
6746142
6746168
6746180
6746184
6746208
6747176
6747180
6747184
6747188
6747204
6761086
6761358
6761468
6761776
6762034
6764084
6771169
6771377
6772177
6772217
6772235
6772265
6772477
6772565
6772927
6772973
6773131
6776779
6777935
6778007
6778033
6778159
6778181
6778371
6778923
6778961
6780731
6780747
6780817
6780965
6781041
6789289
6790481
6790631
6790991
6801806
6802796
6809726
6810626
6811574
6811698
6812142
6818950
6819040
6828379
6832421
6841025
6841809
6841845
6841945
6843293
6844165
6844381
6844449
6844461
6847891
6848159
6848397
6848543
6848607
6860182
6860312
6863253
6863549
6863677
6865527
6865553
6866179
6866233
6866237
6866997
6867059
6867135
6867619
6867801
6867821
6868045
6868049
6873503
6874093
6874111
6874115
6874629
6874871
6874893
6877193
6877295
6884590
6884666
6885460
6886804
6887202
6887364
6887572
6892192
6906485
6906905
6907783
6907823
6907929
6907943
6908591
6908597
6908699
6909539
6918846
6918874
6918878
6918918
6919084
6919962
6920804
6920932
6925383
6928060
6928608
6929014
6929270
6934710
6934850
6934868
6934958
6935684
6948920
6949292
6950486
6950888
6950974
6959569
6960295
6960357
6960893
6966863
6978626
6978824
6978934
6978978
6979014
6979048
6980580
6980594
6981152
6982082
6984030
6987834
6993777
6993785
6995671
6996297
7002320
7002456
7003470
7003858
7004728
7005420
7006146
7014389
7014505
7015259
7015765
7015937
7016067
7016239
7016345
7016505
7016523
7016531
7017471
7017505
7184630
7186434
7186866
7218820
7222416
7222688
7222694
7223298
7223358
7223370
7223612
7223720
7224008
7224014
7226214
7226762
7226820
7226854
7240575
7242391
7242913
7243027
7261053
7261231
7261789
7264221
7264443
7264455
7265805
7268299
7268575
7268813
7291290
7297570
7298760
7301400
7301710
7301714
7310681
7310895
7312223
7312363
7317820
7317974
7318204
7328002
7329898
7331592
7345773
7346887
7359831
7362777
7366787
7366795
7366813
7366835
7367067
7367099
7367109
7371355
7371515
7371873
7374093
7374295
7374577
7376259
7387453
7388043
7388709
7388803
7397417
7398311
7398351
7398871
7404139
7410288
7410408
7410782
7410942
7411384
7411434
7411738
7423890
7434227
7434401
7434493
7434557
7445669
7446307
7447469
7469392
7474830
7483456
7484594
7484732
7486454
7486930
7491728
7500508
7501510
7516577
7517071
7518797
7518879
7519951
7521399
7522469
7523285
7524421
7526461
7546589
7548159
7549123
7551125
7559525
7560235
7560561
7561621
7561641
7561723
7571155
7572703
7573907
7583093
7583101
7583113
7583201
7583211
7583213
7583643
7590133
7590273
7590377
7590389
7590701
7590877
7590909
7591093
7592649
7592663
7592691
7600551
7600617
7600671
7600673
7601075
7607109
7607143
7607233
7607235
7607249
7607329
7607905
7607997
7608695
7609749
7610871
7622144
7625104
7626152
7626350
7626356
7628072
7629282
7629290
7629310
7630246
7650971
7650991
7653215
7653861
7665728
7666946
7667138
7667476
7667812
7668920
7669190
7670456
7671958
7672652
7672870
7672890
7672930
7690043
7690133
7690147
7690413
7690465
7690649
7690705
7691387
7691403
7691607
7692457
7698892
7699970
7699976
7700014
7700060
7700148
7700166
7700212
7700316
7700458
7700532
7700846
7701224
7702612
7702618
7702872
7703054
7709630
7709954
7710044
7710180
7710210
7711932
7711950
7712464
7712706
7712756
7713080
7713138
7713176
7713302
7713532
7713634
7713698
7713746
7716608
7716694
7716956
7717056
7718060
7718288
7718562
7731665
7731717
7731877
7732311
7732315
7732355
7732387
7733045
7733091
7733259
7733285
7733309
7733853
7733919
7734287
7734297
7734347
7752590
7752938
7753160
7753306
7753312
7756168
7764181
7764183
7766271
7768567
7769385
7770981
7785028
7787118
7787338
7789096
7803109
7803469
7805591
7805733
7816620
7817394
7817578
7818014
7825920
7830338
7835620
8074660
8074788
8074844
8074904
8074906
8075186
8075192
8075268
8075804
8076762
8076872
8077030
8077292
8077678
8077942
8086477
8086663
8086799
8086851
8087855
8088063
8088149
8093107
8102055
8102921
8102961
8103553
8103605
8103737
8110525
8110727
8110879
8110889
8110911
8110941
8110981
8111577
8111583
8111755
8111873
8112167
8112301
8112305
8112611
8117963
8118423
8118503
8118867
8118943
8119183
8119227
8124573
8125667
8125917
8126619
8127529
8127609
8134650
8134878
8134992
8135528
8137096
8139224
8139390
8139414
8139444
8140016
8140160
8140280
8140394
8140404
8143294
8144622
8144818
8145248
8151091
8152057
8152257
8152317
8152465
8152521
8152565
8152817
8153097
8153511
8153625
8153799
8164312
8164854
8165340
8180887
8342407
8342461
8342793
8343927
8344099
8344257
8348519
8348635
8348819
8348933
8350199
8350531
8358531
8358579
8359061
8364344
8366572
8375931
8382361
8384071
8385657
8385795
8385829
8391164
8391556
8391580
8392322
8392842
8392898
8401303
8401391
8401785
8407597
8408255
8409355
8410499
8410515
8411047
8411049
8411067
8411103
8411105
8420098
8420360
8423278
8423282
8423458
8423460
8431428
8431622
8431736
8431820
8433400
8440399
8440459
8441037
8441047
8441089
8441253
8441257
8441291
8441303
8444776
8445070
8445436
8446268
8446278
8448416
8448882
8448888
8449082
8449144
8450100
8450128
8450144
8450170
8450224
8450266
8450600
8450698
8450912
8457352
8464819
8465423
8465429
8466041
8467225
8468559
8468791
8476452
8476832
8476948
8479268
8489364
8489912
8492938
8494082
8501416
8501490
8501768
8501992
8502012
8502106
8502578
8502642
8503542
8505740
8505840
8506380
8506428
8506664
8506844
8507516
8507536
8520543
8520595
8520617
8520727
8520739
8520749
8520755
8520761
8521381
8521755
8522521
8523325
8523633
8523653
8524321
8525587
8525619
8525659
8526515
8538463
8538663
8540027
8540051
8540133
8544709
8545183
8547459
8547581
8547583
8547851
8548103
8548847
8549853
8550041
8550149
8551785
8566583
8566671
8566737
8566741
8568309
8573233
8573687
8573705
8574021
8575903
8585070
8586574
8586784
8587646
8588002
8588454
8588914
8589564
8589606
8590392
8590430
8590446
8590450
8590462
8590464
8590574
8590894
8606911
8607503
8607681
8608039
8611825
8611887
8611935
8624161
8624701
8625037
8625065
8625313
8626293
8626735
8626863
8627131
8627197
8627261
8627291
8627301
8627467
8628323
8628333
8628449
8628651
8628769
8628795
8628963
8629247
8632147
8647998
8648830
8648994
8653008
8672141
8674429
8674473
8675427
8693827
8710783
8712295
8712619
8719481
8724273
8725649
8725761
8725915
8741021
8742283
8744379
8744593
8968600
8969344
8969436
8969860
8969946
8969960
8971150
8971324
8972788
8973360
8974256
8975634
8975664
8975690
8991486
8992044
8994064
9004023
9005093
9005833
9007821
9008191
9008227
9008387
9008449
9017369
9017391
9017551
9019175
9019553
9027191
9027549
9027709
9027875
9030269
9030507
9031831
9033221
9033255
9034417
9035351
9035359
9036395
9036587
9049181
9049227
9050757
9052045
9052441
9052485
9053093
9053487
9251726
9251802
9253266
9273022
9273030
9273114
9277778
9278434
9280092
9326222
9327870
9329414
9329460
9331072
9331546
9343363
9343395
9343517
9343543
9343737
9370700
9370962
9370970
9372320
9372356
9372382
9372386
9372442
9372528
9375808
9376712
9379956
9385393
9387457
9407484
9407582
9407842
9420683
9420985
9422095
9422879
9423255
9423905
9423965
9424095
9433571
9433603
9434145
9436375
9436435
9436727
9437005
9437111
9441199
9442083
9442143
9442145
9442263
9442313
9442505
9443781
9447943
9453743
9453855
9454029
9454449
9454463
9454525
9454631
9455193
9455277
9455287
9455851
9455857
9456017
9456023
9456187
9480690
9480708
9481070
9481686
9481984
9482442
9483432
9483444
9483536
9483594
9483708
9484462
9485398
9486190
9486436
9495338
9495366
9496458
9496468
9496582
9496622
9496914
9497136
9497284
9498634
9499614
9499636
9499680
9499682
9499694
9499700
9499702
9499872
9499896
9500102
9500192
9500236
9500240
9500250
9500256
9500282
9500318
9500554
9500562
9500582
9500598
9500740
9507734
9509162
9509194
9509656
9509666
9509668
9509670
9509806
9509830
9509888
9509902
9509912
9509950
9509960
9509974
9509986
9510054
9512662
9512666
9512692
9512876
9512912
9512948
9512952
9513054
9513068
9513122
9513328
9513660
9513784
9513794
9513796
9513810
9513836
9513840
9513852
9513920
9513990
9513994
9514010
9514052
9514662
9514706
9514754
9515176
9515526
9515546
9515592
9515956
9544021
9544237
9554185
9555125
9555429
9556391
9572887
9587546
9587578
9589916
9594022
9698267
9699751
9699753
9699785
9699821
9699875
9700081
9700083
9700085
9745124
9745600
9747390
9747396
9752382
9752446
9752476
9752982
9753760
9753828
9753898
9754096
9754212
9754776
9792506
9826284
9839472
9839496
9840096
9840146
9840538
9841436
9841738
9842204
9848335
9858873
9858941
9859073
9859077
9860631
9865562
9865656
9865692
9865758
9865816
9865840
9865848
9866086
9866118
9866134
9866972
9888430
9888438
9890502
9890630
9891510
10053880
10055578
10056084
10064519
10064563
10067073
10067525
10080314
10080598
10080962
10082018
10082032
10082040
10082224
10102348
10102628
10102844
10102950
10106835
10109571
10110327
10116002
10116308
10116456
10116676
10116766
10117304
10117754
10123668
10124416
10125524
10147033
10147687
10156865
10157663
10157713
10157771
10161364
10163598
10163666
10163686
10163710
10163716
10163728
10163730
10163734
10163768
10163798
10163856
10163868
10163884
10163886
10163998
10164002
10164004
10164038
10168344
10169834
10175445
10175909
10176975
10177405
10181647
10183161
10183165
10187644
10188664
10188680
10189156
10189376
10190044
10190276
10191314
10192068
10192166
10204849
10204889
10204967
10205115
10205379
10205783
10206361
10206541
10206671
10207857
10209503
10209725
10210063
10220060
10220190
10222194
10222370
10222374
10263816
10264004
10264014
10264038
10264164
10264216
10264224
10264270
10264274
10264298
10264364
10264372
10264510
10264532
10264644
10265390
10265394
10265890
10266208
10266496
10286212
10286882
10286960
10288896
10294622
10294784
10294852
10295286
10295340
10295736
10302627
10302633
10302639
10302643
10313430
10313558
10335322
10335712
10337448
10337790
10337796
10339414
10340072
10356472
10357352
10357572
10357656
10358636
10359766
10381971
10382021
10382055
10382125
10423534
10432010
10434608
10436446
10437178
10437194
10468309
10475759
10562610
10564008
10579269
10581525
10581939
10582239
10595878
10595950
10596362
10596716
10597374
10603682
10603716
10603738
10603828
10605920
10607604
10607676
10607692
10608846
10609240
10848486
10848530
10849456
10849484
10849602
10849620
10849642
10849794
10849848
10850046
10850134
10850144
10850156
10850162
10850256
10850310
10900089
10900997
10902267
10902309
10904719
10906949
10925875
10925995
10926383
10926401
10969489
11049274
11049744
11049784
11049850
11049952
11049994
11050000
11050042
11050050
11050560
11050566
11050700
11060645
11064339
11065419
11065481
11065507
11097139
11252528
11258604
11445851
11446137
11446173
11462626
11462794
11463132
11468844
11468852
11468856
11468876
11468954
11473636
11473702
11473846
11478894
11479108
11479194
11499058
11500082
11500150
11505110
11529585
11542954
11543278
11543280
11543290
11543314
11545828
11547654
11547718
11550704
11582436
11585220
11585318
11616503
11617281
11617363
11618277
11621250
11622056
11622244
11628855
11645707
11645823
11645845
11645915
11652542
11653122
11654348
11673186
11687020
11687048
11687078
11687118
11687160
11687196
11687360
11687378
11687474
11687476
11687478
11687548
11687584
11687636
11687638
11687656
11687662
11687752
11688350
11688352
11688368
11688418
11688422
11688478
11688490
11688538
11688586
11688596
11688674
11688792
11688818
11688828
11688838
11688890
11688916
11688932
11689102
11689106
11689118
11689132
11689144
11689162
11689172
11689186
11689198
11689212
11689272
11689424
11689586
11689678
11689682
11689686
11689692
11689694
11689716
11689718
11689730
11689740
11690182
11697864
11699186
11713555
11714577
11714581
11714631
11720859
11748711
11757960
11758038
11759050
11759320
11759794
11760272
11761498
11761502
11761706
11761734
11762250
11774561
11775003
11777113
11777215
11777271
11777377
11777983
11779377
11779929
11782705
11798549
11799733
11800731
11802423
11816353
11816741
11817087
11817935
11818755
11818809
11819177
11819311
11819355
11819393
11830560
11830690
11833608
11834118
11835010
11866736
11868270
11870286
11879852
11879856
11879918
11880686
11880724
11883626
11884832
11897420
11905598
11905670
11905718
11905730
11905746
11905790
11906182
11907272
11907296
11907330
11907336
11907758
11907762
11908364
11915285
11915305
11915379
11915407
11915429
11915455
11915457
11915507
11915593
11915787
11916051
11916213
11916245
11916259
11916299
11916315
11916389
11917317
11918423
11919685
11919769
11919825
11923655
11930208
11930606
11946925
11947215
11947259
11947289
11951467
11951527
11951991
11952111
11959338
11959428
11959766
11959788
11959926
11959934
11962042
11962278
11962300
12004529
12004537
12005077
12005339
12005811
12005823
12005847
12005891
12005979
12006203
12006247
12006297
12006311
12006325
12006335
12006447
12006723
12006741
12006893
12007781
12009354
12009722
12021042
12021200
12021640
12025464
12025490
12025598
12025980
12026068
12027144
12027296
12027360
12027586
12034181
12034259
12034339
12034371
12034589
12034939
12034957
12034959
12035131
12035153
12035439
12035543
12035581
12035605
12035715
12036581
12037613
12038117
12038169
12038177
12038245
12103826
12104424
12105064
12105852
12107522
12107594
12116608
12120568
12120754
12121104
12121188
12121294
12121804
12129348
12129360
12130638
12132374
12132392
12133354
12133526
12133578
12134418
12134782
12134842
12134848
12134888
12135268
12135488
12145042
12145154
12145180
12151602
12151838
12154278
12154450
12154474
12161534
12162010
12162026
12162056
12162066
12162116
12162504
12162512
12162520
12162572
12162648
12162662
12162694
12163786
12163788
12163800
12163826
12163856
12163882
12163884
12163888
12164312
12164322
12168967
12168981
12169015
12169027
12169065
12169191
12169283
12169385
12170153
12171405
12171407
12173208
12173250
12173792
12174002
12175228
12175340
12175440
12175490
12175874
12186641
12206226
12211232
12214445
12222392
12228505
12232338
12232396
12241822
12241912
12241976
12242134
12242422
12242482
12242484
12242498
12242698
12246166
12255268
12255418
12255622
12255684
12256358
12257048
12257066
12257916
12259926
12260134
12260358
12260370
12261158
12261362
12261876
12261948
12262042
12262414
12262568
12262854
12264224
12264326
12264832
12264996
12265058
12266460
12273226
12289022
12296610
12297370
12303791
12306001
12307723
12308335
12316394
12316396
12319297
12319825
12320307
12320405
12323071
12323087
12324733
12325301
12326017
12326033
12326295
12327243
12327527
12328223
12340828
12345057
12345887
12346461
12346827
12352441
12355773
12375949
12377951
12379043
12395028
12395494
12395582
12395664
12397372
12397894
12397906
12416463
12419159
12419295
12419869
12419989
12420373
12421731
12435001
12435565
12435643
12436757
12439987
12443901
12443973
12462094
12462132
12463734
12463822
12463826
12471790
12472144
12472184
12473768
12473772
12473776
12473910
12473914
12473918
12474056
12474112
12474162
12483647
12493987
12502977
12503419
12515978
12517360
12520499
12523753
12526443
12532566
12532618
12532944
12533094
12536216
12538518
12538692
12538720
12539128
12539746
12539802
12568458
12568526
12568690
12568694
12568790
12570210
12576056
12577642
12577644
12583511
12599885
12603855
12606701
12617818
12619198
12619204
12619810
12620110
12621632
12621638
12636206
12644047
12644287
12645379
12646291
12654961
12656991
12657047
12664516
12664828
12667026
12668946
12669690
12694924
12695090
12699860
12723432
12735448
12744853
12745295
12746007
12751711
12752229
12753749
12754153
12754833
12756851
12770005
12770015
12770825
12771299
12771343
12771573
12771595
12775637
12778133
12778579
12781085
12781155
12788124
12788684
12794891
12802828
12804114
12804142
12816853
12840618
12842790
12870023
12870955
12871001
12882798
12889559
12890553
12898110
12899974
12899984
12900374
12900470
12900872
12900964
12901126
12902084
12902120
12902332
12902364
12913595
12914809
12917999
12926631
12926641
12926687
12936834
12942456
12942664
12944890
12951386
12951528
12951570
12952470
12952772
12952800
12952968
12953052
12953276
12954004
12954032
12954040
12954046
12954072
12955182
12960383
12981697
12992931
12997122
12997756
12998704
12998858
12998878
12999322
13007444
13009630
13015191
13016443
13016457
13016523
13016527
13016537
13019635
13019703
13019761
13020013
13027969
13029083
13029183
13030921
13038866
13038926
13039256
13039268
13039894
13040672
13040746
13045771
13047081
13047433
13047783
13048201
13048225
13048289
13055958
13056484
13057596
13057632
13057806
13057812
13058180
13063229
13063243
13063393
13063587
13064623
13064729
13079581
13082851
13082869
13082921
13083379
13083391
13083643
13085603
13103211
13104343
13106041
13107161
13107207
13107421
13107695
13122868
13124968
13133805
13138049
13139741
13153121
13153419
13153615
13153643
13154163
13154221
13154265
13154299
13154467
13154725
13156205
13156217
13156389
13158077
13167382
13167478
13167914
13173571
13173829
13175065
13175325
13175747
13175785
13176003
13176035
13182948
13183020
13183052
13183056
13183064
13183066
13183914
13183952
13184284
13184456
13184574
13184576
13184584
13184590
13184592
13184698
13184932
13193844
13194046
13195602
13196034
13203597
13204437
13210312
13211090
13211298
13211348
13226632
13226700
13228112
13229102
13229606
13230222
13230280
13235013
13235029
13236539
13238607
13260207
13261505
13282922
13282992
13283852
13289780
13290352
13290368
13291652
13291746
13291814
13291926
13292206
13292364
13292614
13293442
13293454
13293462
13293554
13293576
13293676
13293744
13293750
13293876
13293970
13293986
13294132
13294166
13294176
13294264
13294314
13294362
13294374
13295168
13295570
13295584
13295586
13295604
13295606
13295630
13296038
13296064
13296106
13296116
13296176
13296252
13296258
13296614
13296760
13296764
13296916
13296938
13296974
13297098
13297194
13297220
13297236
13297290
13308741
13308839
13309075
13311203
13311309
13311475
13311697
13311879
13311953
13312435
13312489
13313181
13323996
13324402
13324474
13324626
13325110
13326718
13335570
13335680
13336282
13336508
13336562
13337100
13337278
13337282
13337306
13337650
13344388
13344394
13344470
13344476
13344838
13344840
13344858
13344864
13344872
13344892
13345048
13346158
13346262
13352468
13356846
13356858
13356860
13356888
13356914
13356938
13358638
13358696
13358770
13360334
13374239
13375515
13375519
13375649
13376219
13376223
13376243
13391923
13395567
13395583
13395621
13396365
13396483
13397541
13399941
13409794
13410000
13410230
13411154
13412928
13414140
13418856
13424845
13424847
13425023
13425081
13425947
13433691
13434009
13434643
13435067
13435141
13435155
13437773
13438215
13438397
13439203
13439241
13439285
13451750
13451894
13453074
13453690
13453702
13454068
13454468
13454484
13463079
13463115
13463117
13463119
13463123
13463729
13463761
13463785
13463805
13463811
13463845
13463861
13463863
13463871
13463881
13463903
13463913
13463917
13463925
13463927
13463951
13463969
13463975
13464225
13466672
13520211
13520741
13526822
13531193
13533405
13534209
13546725
13551289
13551311
13551313
13551669
13552087
13552169
13552171
13552191
13552291
13552723
13554633
13554729
13554847
13555705
13564562
13564578
13564608
13564800
13564822
13565216
13565382
13565392
13571661
13571751
13572849
13573097
13573205
13581342
13581500
13583054
13584036
13584750
13586198
13586516
13595931
13596095
13596101
13597567
13597711
13597851
13598133
13598741
13605336
13606262
13606720
13606726
13606862
13608590
13617269
13617631
13618713
13618855
13618919
13619343
13619397
13619421
13624127
13624135
13624141
13624181
13624183
13624197
13624199
13624991
13625933
13633025
13633047
13633137
13633279
13633331
13633817
13633821
13635863
13637495
13637569
13652924
13652982
13652984
13653036
13653176
13653200
13653322
13653556
13654150
13654300
13660341
13660367
13660637
13730379
13732288
13732942
13733388
13733730
13733820
13733850
13733942
13734136
13734150
13734154
13741403
13746044
13754363
13754391
13754931
13755457
13756121
13766639
13769580
13770104
13770228
13770280
13770698
13771102
13771194
13771238
13771264
13771802
13772120
13772402
13778772
13778814
13779454
13779482
13782002
13783124
13784728
13786604
13786640
13786642
13802760
13803642
13812194
13813330
13835317
13837931
13845885
13852231
13853131
13853161
13860962
13869098
13870316
13870642
13870762
13870918
13871098
13871430
13873068
13881906
13883048
13883102
13888668
13889008
13889346
13890744
13891008
13891354
13893022
13893088
13914213
13925051
13927805
13956737
13971012
14001859
14002393
14062259
14062577
14073444
14078174
14101407
14112386
14113038
14126587
14127221
14199391
14199489
14201421
14206300
14206348
14206856
14207372
14207658
14208484
14208560
14222341
14224335
14240668
14254069
14254079
14254193
14254205
14254591
14254647
14254771
14320639
14362658
14362852
14363012
14363018
14363456
14363552
14363658
14364038
14364042
14364076
14364088
14364102
14364372
14364980
14365060
14365188
14365236
14365432
14365440
14365490
14365536
14376509
14395792
14395954
14395976
14396112
14396146
14396150
14396164
14396284
14396556
14396660
14396988
14397246
14398608
14399328
14399470
14400096
14401052
14443812
14444692
14446262
14446282
14467809
14469321
14470687
14482090
14482100
14482780
14482800
14485464
14490728
14490772
14496916
14519439
14519511
14519559
14519595
14519655
14519669
14521175
14521183
14521863
14522083
14523345
14523581
14523611
14523623
14536442
14552381
14552525
14552611
14552905
14552927
14552941
14552961
14552963
14552979
14552981
14553227
14555097
14555623
14567692
14569114
14571638
14586327
14610834
14611966
14618952
14620086
14620352
14621108
14621218
14621284
14621286
14621342
14621756
14622550
14623352
14624658
14625774
14626230
14626246
14637575
14637577
14640257
14640391
14640581
14640623
14641005
14642349
14665387
14668501
14668901
14681826
14681920
14682302
14682306
14682440
14702648
14704840
14704926
14704932
14705020
14705032
14705050
14705230
14706344
14708194
14709606
14709874
14711142
14727088
14727338
14727388
14728798
14729736
14730490
14730982
14731378
14731442
14731492
14732372
14732934
14732998
14733228
14762045
14762111
14762345
14762875
14762931
14762989
14763017
14763925
14767570
14768304
14768408
14768740
14768826
14769004
14769044
14769350
14769360
14769576
14770622
14770666
14770828
14770846
14770862
14771186
14771272
14771278
14771284
14771320
14771374
14771386
14771516
14771544
14771582
14771624
14771658
14771660
14771692
14771760
14771766
14779256
14779396
14780020
14780114
14780172
14780226
14784427
14784463
14784503
14784601
14784633
14784647
14784669
14784675
14784677
14785155
14785163
14785175
14785333
14785397
14785853
14785887
14785903
14785905
14785933
14785935
14785981
14786019
14786047
14786123
14786177
14786195
14786229
14786231
14786233
14786309
14786817
14786863
14786891
14786915
14786925
14786951
14787003
14787007
14787017
14787023
14787047
14787175
14787183
14787279
14787369
14787409
14787477
14787485
14787487
14787501
14787503
14787527
14787569
14788089
14788165
14789961
14794879
14795283
14795495
14796117
14796931
14803871
14803953
14803985
14804277
14804295
14804471
14804553
14806031
14809371
14818845
14819009
14820379
14820565
14820569
14826925
14826967
14827685
14827783
14828113
14828145
14828149
14828151
14828631
14828849
14835407
14836121
14836239
14837877
14839053
14839171
14839241
14839325
15147446
15147890
15148368
15149802
15150946
15153858
15166451
15169467
15169567
15169615
15173295
15173461
15174855
15174953
15175029
15175063
15175597
15177909
15178955
15179389
15181199
15181953
15181957
15182045
15182047
15182073
15182085
15182159
15182533
15206145
15206199
15206341
15206371
15206375
15206613
15206667
15207109
15207137
15207903
15207957
15208317
15216417
15217033
15221924
15222298
15222394
15222480
15222926
15223050
15223068
15233884
15234070
15234082
15234772
15236266
15238142
15238780
15238998
15239000
15250600
15251676
15252066
15274896
15275276
15275898
15288074
15289204
15306587
15314143
15314243
15314455
15314733
15332314
15332358
15332372
15332396
15332704
15332722
15332724
15332860
15334356
15334372
15334390
15334392
15362745
15363281
15363353
15363451
15363491
15363573
15363885
15365291
15365423
15365645
15365775
15371560
15372674
15373004
15373094
15373634
15373666
15373694
15379381
15380081
15380191
15380941
15383167
15383319
15396810
15398332
15398700
15399982
15400312
15401606
15409409
15409983
15410255
15410753
15410809
15411429
15411431
15411619
15418113
15419309
15419335
15419467
15419475
15420857
15420869
15421121
15429606
15429794
15431000
15431096
15431680
15431824
15431962
15431972
15432638
15432890
15445117
15445645
15510902
15511526
15515318
15537391
15537421
15537789
15537859
15537883
15539133
15539419
15539769
15540125
15541621
15547241
15547349
15547433
15547935
15548127
15549241
15550135
15558047
15558127
15558435
15558653
15559439
15559629
15559687
15560565
15560629
15561021
15561175
15567933
15568135
15568143
15568147
15568739
15569135
15569391
15569727
15569905
15574737
15575439
15575687
15576299
15576309
15576709
15582349
15582369
15586976
15586982
15587072
15587092
15587158
15587246
15587392
15587472
15587494
15587526
15588034
15588040
15588082
15588140
15588372
15588498
15588512
15588532
15588544
15594647
15594685
15594695
15594719
15594723
15594731
15594767
15594783
15595507
15595509
15597503
15604094
15605376
15605384
15611854
15612196
15612278
15612400
15612706
15612718
15612776
15613832
15614242
15614706
15624599
15626425
15628121
15633989
15634335
15634549
15634575
15634577
15634581
15634673
15636717
15637321
15637581
15640865
15644224
15644350
15644352
15644396
15644764
15644820
15645044
15645168
15645174
15645340
15645354
15645546
15647198
15649067
15649577
15649581
15650217
15650317
15651637
15651789
15652757
15653137
15662050
15662124
15662144
15662798
15662946
15666995
15667131
15667181
15667185
15667203
15667729
15667791
15668379
15668461
15668481
15669979
15671761
15671813
15671957
15671969
15672071
15672195
15672723
15672743
15672747
15673375
15673399
15673583
15676763
15676823
15677181
15678101
15679091
15679327
15679389
15679445
15687631
15690765
15693037
15702833
15707325
15707443
15707667
15707813
15708443
15712831
15714333
15714487
15714553
15720689
15735941
15737433
15737587
15748460
15748650
15750940
15756606
15758118
15758130
15758240
15758306
15758318
15759818
15780454
15784728
15785436
15785502
15785516
15785616
15786158
15786248
15787182
15787226
15788018
15788288
15788348
15950892
15954494
15961554
15963456
15966993
15968457
15968499
15980585
15981273
15983265
15983485
15983787
15984809
15984957
15994940
16000378
16012802
16014062
16014114
16016298
16031300
16031354
16031368
16031404
16031766
16031932
16032110
16034580
16034886
16039168
16039282
16039508
16039510
16068589
16072528
16074256
16074848
16074906
16076140
16099125
16099571
16128803
16130433
16131669
16188366
16203720
16203752
16203958
16213178
16214760
16223819
16224283
16224323
16224753
16224859
16224881
16225429
16233369
16235445
16236093
16236583
16247013
16247217
16247387
16247437
16248681
16248877
16249787
16249791
17207700
17208706
17215676
17217304
17217462
17217494
17217574
17217578
17217614
17217650
17217680
17217684
17217704
17217726
17217736
17217754
17217906
17217914
17217920
17219042
17219246
17219276
17219436
17219468
17219474
17219476
17219522
17219526
17227027
17234658
17235026
17235870
17239358
17240094
17241960
17243626
17243674
17243678
17244016
17244186
17244198
17244214
17244390
17244488
17246982
17254208
17254486
17254864
17261127
17262269
17262319
17274026
17285475
17287753
17298722
17309794
17309846
17309920
17309934
17321395
17324499
17334221
17350939
17351569
17351697
17355281
17356815
17370530
17375806
17391613
17394882
17398357
17398607
17398711
17399125
17399171
17399187
17399459
17399857
17405447
17405547
17405565
17405597
17405601
17405835
17405849
17405853
17405855
17405857
17405877
17405897
17414976
17415040
17415096
17415522
17415568
17415610
17415710
17415860
17416032
17416474
17416826
17421926
17424040
17432290
17457349
17483383
17484573
17484723
17493341
17494177
17495175
17495437
17497439
17506822
17507162
17507170
17507220
17508788
17508854
17508896
17510084
17523238
17532989
17533071
17533119
17533145
17533153
17533185
17533187
17533253
17533295
17533355
17533381
17533401
17533427
17533463
17533503
17533719
17533727
17533823
17534793
17538703
17539261
17539323
17540301
17541397
17541959
17543537
17543573
17543587
17543597
17543645
17554945
17554979
17556227
17556229
17556267
17556269
17556771
17556947
17557695
17916483
17916491
17917829
17926506
17929890
17930376
17935114
17938240
17941828
17948636
17948666
17951667
17951707
17951841
17951955
17952389
17956783
17956869
17956955
17957997
17958013
17958105
17963095
17970237
17991438
17995532
17996952
17997024
17997396
17998648
17998664
18015234
18016164
18016608
18016786
18016992
18017020
18017188
18019386
18031440
18044210
18046426
18057748
18075806
18077152
18077388
18077434
18105054
18105436
18105458
18135826
18135842
18154237
18156447
18156971
18157053
18391756
18391826
18393278
18393676
18393696
18393740
18393756
18393858
18393910
18394040
18394236
18394284
18395348
18395358
18395364
18395440
18395442
18395462
18401497
18402499
18402511
18402523
18403545
18407884
18408070
18408144
18408240
18408256
18408278
18408480
18408484
18408486
18408534
18408580
18408586
18408662
18408666
18408674
18408692
18409192
18409490
18414205
18414381
18415029
18415989
18421273
18421297
18421703
18422661
18422725
18423163
18432749
18439440
18439450
18440396
18440574
18444024
18444090
18445182
18445266
18445356
18445486
18445546
18445570
18445664
18445710
18450047
18451023
18451107
18454477
18454525
18455443
18458245
18458295
18458307
18458309
18458315
18459872
18460036
18460086
18460176
18460180
18460192
18460222
18460230
18460260
18461156
18461210
18461820
18464802
18464804
18465666
18465674
18466390
18469766
18470668
18470962
18471050
18471066
18471310
18474779
18474787
18474819
18474909
18474923
18474927
18474929
18474935
18474939
18474949
18474953
18475175
18475465
18475545
18475675
18475697
18475727
18476331
18476353
18476381
18476401
18476415
18476435
18476455
18476471
18476479
18476487
18476509
18476513
18476569
18476589
18476775
18476787
18476791
18476793
18476797
18476813
18476865
18476871
18476879
18476893
18477453
18482194
18482198
18482486
18482720
18486340
18486348
18487568
18487750
18488386
18488590
18490760
18490764
18490768
18490822
18499604
18500066
18502993
18503041
18503493
18503915
18505914
18506324
18506684
18507516
18507740
18508400
18508418
18508532
18508556
18508608
18508614
18508624
18508640
18508854
18508898
18508954
18509084
18509310
18717126
18717420
18719200
18719534
18719612
18767596
18771268
18790620
18792702
18799565
18819832
18822000
18841120
18841166
18841170
18841318
18841718
18841758
18841770
18852688
18865300
18866012
18867596
18869658
18880718
18880834
18884376
18885324
18887000
18887146
18887262
18888354
18910398
18910424
18910456
18911179
18911409
18911435
18913877
18914017
18915569
18928006
18928210
18930238
18931908
18931936
18931956
18932398
18939644
18949591
18949635
18972763
18974195
18974381
18974969
18975419
18975463
18975529
18976333
18985842
18986744
18986814
18988352
18988424
18988430
18988440
18988488
18988522
18988538
18988568
18988606
18988624
18988626
18988724
18988756
18989704
18989734
18989888
18989910
18989948
18989968
18989978
18990226
18990284
18990328
18990398
18991060
18991086
18991110
18991150
18991152
18991194
18991228
18991232
18991248
18991258
18996374
19011577
19014499
19017621
19018751
19037447
19040347
19043513
19052900
19053128
19053722
19070233
19081429
19081917
19088319
19093303
19095367
19095401
19104913
19112754
19112978
19115892
19122210
19123016
19126805
19129083
19138473
19153015
19153077
19158238
19161749
19164465
19166273
19166807
19167379
19180610
19207897
19209621
19210329
19210415
19222549
19246633
19266232
19268286
19273960
19274064
19277348
19285041
19285865
19285877
19285907
19285909
19285913
19286031
19286343
19286771
19287509
19287511
19292694
19293014
19293202
19293432
19302981
19303413
19303919
19305013
19305115
19314160
19315490
19315642
19321113
19321387
19322075
19322127
19322543
19324953
19325043
19325045
19325143
19325151
19345441
19345501
19346723
19347295
19348039
19348121
19349147
19350501
19350633
19350653
19351247
19351443
19369018
19370150
19373812
19375532
19376094
19376552
19376616
19376770
19377774
19382881
19383141
19384111
19386380
19386588
19386638
19387534
19387554
19387568
19387736
19388194
19388196
19388310
19388350
19388778
19389138
19389218
19389430
19389438
19389648
19389766
19389934
19389972
19390010
19391028
19391594
19391736
19391932
19392104
19392446
19392488
19392496
19392546
19392598
19392614
19392654
19392918
19406770
19406818
19407886
19408130
19414869
19415571
19415997
19416331
19417329
19417429
19418185
19418679
19432764
19432870
19433690
19434044
19435340
19435344
19440277
19440345
19442491
19443509
19451765
19452305
19452429
19452479
19452609
19453023
19453033
19453867
19454103
19454497
19454521
19454721
19454899
19464254
19464300
19469311
19469497
19470295
19471467
19473063
19474395
19474485
19474583
19487012
19487554
19487976
19488810
19490270
19503182
19504798
19513404
19514640
19515074
19515088
19515920
19516482
19516762
19518240
19531090
19531148
19531616
19531696
19531724
19531884
19531888
19531892
19531956
19531998
19532008
19533702
19534226
19534708
19534712
19543740
19544684
19550100
19550412
19567882
19569910
19577853
19579779
19581347
19581387
19581763
19582151
19594712
19595982
19595994
19596652
19604435
19604615
19606121
19608213
19618634
19618866
19619016
19619204
19619792
19619928
19621328
19621374
19621386
19621426
19621612
19623652
19625212
19626108
19633494
19644594
19644948
19647854
19648068
19663107
19669291
19669347
19674799
19677799
19678155
19679561
19679979
19693637
19695443
19695757
19695879
19695925
19696021
19696445
19696547
19697495
19697599
19697775
19697927
19710283
19710425
19710659
19711775
19712873
19713083
19718513
19720831
19722609
19729930
19730510
19730552
19730694
19735407
19735831
19735941
19735951
19736013
19736555
19736577
19736737
19743430
19743474
19744396
19745222
19751035
19752335
19752413
19752425
19752763
19761976
19763234
19909713
19909951
19910457
19913448
19914418
19914486
19916574
19917618
19919562
19926797
19927599
19935747
19935837
19935843
19936525
19936541
19944587
19944987
19947688
19950146
19957106
19958172
19958192
19958250
19959010
19959042
19959914
19960370
19972126
19979898
19981108
19984864
20001250
20017399
20026105
20031587
20039884
20042926
20042988
20044492
20044678
20044776
20044782
20050371
20052023
20058474
20058478
20058852
20059116
20059526
20060156
20061070
20065521
20066137
20078342
20081438
20081746
20089222
20089890
20090348
20090368
20091714
20097127
20097331
20097421
20097495
20097561
20097619
20100492
20101828
20177973
20179529
20179865
20180463
20180511
20182043
20872964
20874950
20875144
20876216
20890375
20897397
20906945
20907011
20907083
20907157
20907947
20917797
20919029
20920589
20920711
20927996
20929350
20929412
20929432
20930726
20931060
20931078
20931894
20932440
20943740
20943922
20945608
20955128
20957256
20969532
20972352
20987715
20988263
21001095
21002333
21014649
21028210
21035465
21037175
21046036
21047070
21065946
21066626
21086452
21114115
21126643
21135947
21145238
21149364
21152052
21160115
21160795
21164949
21164973
21165001
21165441
21165561
21165603
21166753
21166791
21166841
21166941
21176042
21176300
21176942
21176984
21177006
21177172
21177332
21187051
21187177
21187401
21194132
21195628
21199362
21199546
21214285
21214305
21214991
21215289
21215765
21226759
21226763
21240212
21247556
21247638
21248258
21249994
21250038
21250364
21251316
21251336
21251404
21251514
21514004
21517052
21529036
21533074
21534282
21534354
21536942
21538026
21538072
21538554
21539242
21539336
21622351
21623701
21624117
21631697
21631951
21632333
21632857
21633619
21633883
21633937
21633969
21770039
21770691
21770855
21770953
21770993
21771041
21771103
21771121
21771183
21771309
21771987
21772707
21773039
21773053
21773127
21782934
21784444
21784694
21784710
21785104
21796329
21797449
21797549
21798265
21813112
21831389
21834041
21848339
21849679
21851961
21860180
21861216
21871709
21871785
21872287
21873405
21873481
21875243
21876017
21876099
21897169
21897317
21897353
21897359
21897999
21898017
21898615
21898661
21898735
21903539
21906189
21906365
21919761
21919829
21920075
21920507
21920889
21921507
21921793
21921913
21922861
21926169
21928243
21950596
21956120
21972748
21972840
21974253
21974523
21974929
21974979
21975021
21975041
21975109
21975131
21975179
21975219
21975983
21976277
21976279
21977249
21977363
21977413
21977575
21977607
21978101
21978203
21978911
21979277
21979387
21979569
21979595
21979607
21979635
21979697
21980005
21980835
21981203
21981691
21981855
21982175
21983115
21983265
21983449
21983513
21983581
21983833
21991043
21991235
21999712
22000700
22005200
22023328
22024054
22024300
22024680
22024822
22025558
22026196
22077663
22077735
22077823
22077857
22079907
22080869
22084115
22091925
22105603
22108899
22123016
22124080
22125042
22125092
22129989
22130125
22130235
22130697
22131827
22143174
22143226
22144064
22150285
22150419
22150583
22151067
22151401
22152435
22152441
22152545
22152669
22160758
22161256
22161598
22161670
22161688
22161878
22161966
22162094
22162114
22162176
22162196
22162876
22163560
22163718
22164090
22164302
22164500
22165090
22178350
22178772
22179584
22180118
22248727
22248777
22248781
22248885
22248905
22248913
22248959
22249135
22249381
22250473
22251347
22251995
22253619
22254207
22254229
22254681
22287891
22288025
22288127
22288449
22289963
22290185
22290241
22290307
22290373
22290377
22290455
22290555
22294854
22297114
22307223
22324201
22326301
22327995
22329431
22329597
22336291
22336379
22337429
22337513
22337773
22337781
22337823
22337835
22337975
22337977
22338051
22338089
22338109
22338123
22338125
22338427
22338431
22338645
22338713
22338727
22338781
22338945
22339237
22339947
22340313
22340329
22340331
22340339
22340479
22340557
22356915
22357431
22362529
22366581
22370049
22370183
22370513
22370529
22370681
22371265
22379829
22383895
22392965
22471721
22473621
22473833
22473901
22473911
22474681
22474813
22475257
22475313
22475537
22476263
22476399
22476413
22476437
22476707
22477067
22477405
22477673
22477689
22477695
22477837
22539070
22539818
22540148
22697888
22698054
22699700
22738219
22738413
22739849
22741265
22741581
22741627
22741637
22742615
22742805
22742959
22743091
22743167
22743357
22743475
22743619
22743955
22744269
22744303
22744307
22744315
22744341
22744699
22745083
22745373
22745815
22745845
22745895
22746005
22751957
22761512
22763532
22764486
22769792
22770870
22771396
22771410
22771416
22771518
22772198
22798749
22798751
22799305
22799309
22845931
22846055
22846147
22846151
22846153
22846155
22846695
22846795
22847829
22848005
22848029
22848039
22848095
22850065
22859811
22859839
22860477
22865239
24572745
24660034
24750511
24750521
24778185
24803965
24903444
24946864
25068899
25077284
25085434
25109349
25167897
25189323
25243939
25386875
25397538
25747171
25832204
25832214
26408394
26431994
26814143
26847421
27139592
28123621
28123868
30726954
30833992
166171720
166174609
166174668
166174706
166174894
166174904
166174917
166174967
166182050
166182149
166182151
166248246
166737168
166751301
166754167
166764151
166808422
166997537
167203697
167203706
167237335
167484343
167484497
167484685
904030532
904040050
904040051
904060094
904130059
904140174
909020729
909020730
931070172
932020090
932020139
932030062
932030153
932040162
932040163
932040184
933180029
933180294
933180299
935080001
935090016
935090035
936030059
937010716
937010723
937020644
937040200
937060031
937070131
937070251
937070261
937080094
937080141
937080146
937090127
937120019
938020696
938030541
938060125
938080239
938090190
938090294
938090313
940050059
940080052
940110233
940110240
940140243
940140265
940160258
940170461
940190148
940200366
940210142
940210150
940230021
940230064
940230078
940260253
940280022
941020052
941030274
941030316
941030323
941030371
941040163
941070221
941110093
941140107
